Latitude	Longitude
45.438874	9.183229
45.460953	9.217752
45.45902	9.206246
45.476514	9.171832
45.470731	9.193237
45.472062	9.173507
45.485934	9.160298
45.477535	9.179277
45.449762	9.164044
45.45896	9.182528
45.46627	9.186792
45.481728	9.213566
45.483209	9.185104
45.476729	9.211363
45.447299	9.175433
45.483125	9.170121
45.468945	9.18103
45.4624	9.193259
45.449539	9.207726
45.480226	9.189065
45.468601	9.223138
45.46555	9.175598
45.459462	9.176897
45.446074	9.180719
45.482686	9.185028
45.46282	9.193127
45.478404	9.184977
45.472984	9.172741
45.450505	9.169744
45.452239	9.201419
45.468945	9.18103
45.470329	9.192656
45.479209	9.202917
45.477385	9.170682
45.479063	9.185925
45.459461	9.182712
45.46873	9.206647
45.482773	9.187178
45.469901	9.26269
45.456782	9.184075
45.468945	9.18103
45.468945	9.18103
45.482773	9.187178
45.489097	9.200127
45.450875	9.171378
45.450741	9.178056
45.443945	9.196416
45.448237	9.186573
45.451998	9.214238
45.468945	9.18103
45.435596	9.218694
45.458147	9.179493
45.488478	9.253816
45.465328	9.162134
45.476438	9.204048
45.477452	9.184322
45.441251	9.187967
45.432903	9.225127
45.451861	9.176357
45.482872	9.183587
45.456702	9.184194
45.441485	9.174014
45.468945	9.18103
45.451631	9.177598
45.453598	9.203534
45.464076	9.240993
45.466443	9.187421
45.466373	9.136451
45.477952	9.17661
45.480939	9.189366
45.486152	9.168259
45.456326	9.18058
45.456531	9.174092
45.467918	9.174726
45.481936	9.187472
45.48527	9.161383
45.475945	9.20315
45.446544	9.178354
45.465798	9.184352
45.446679	9.17699
45.461973	9.271152
45.476297	9.172982
45.480619	9.198419
45.48808	9.218938
45.445767	9.21319
45.468318	9.222538
45.480461	9.129419
45.481163	9.199237
45.451945	9.176783
45.445825	9.194761
45.480088	9.217544
45.473696	9.206757
45.493761	9.180278
45.477287	9.174588
45.472484	9.22864
45.450813	9.195258
45.476189	9.171348
45.452174	9.175556
45.440253	9.197562
45.470273	9.189806
45.451141	9.189922
45.468945	9.18103
45.482104	9.186295
45.468945	9.18103
45.47351	9.187751
45.477721	9.115201
45.455312	9.166389
45.486446	9.236911
45.451808	9.19467
45.459846	9.202331
45.457963	9.213176
45.447296	9.161083
45.453049	9.202812
45.452185	9.214854
45.45059	9.17802
45.485726	9.210803
45.455264	9.157878
45.454821	9.216643
45.475624	9.22317
45.45419	9.171344
45.46284	9.206871
45.459295	9.181035
45.4593	9.182199
45.480923	9.190089
45.457623	9.204859
45.454164	9.243448
45.46213	9.23849
45.46841	9.180579
45.461779	9.184388
45.452693	9.175524
45.475803	9.158102
45.452281	9.182855
45.479972	9.189838
45.473132	9.158658
45.481828	9.177366
45.454795	9.197841
45.511927	9.214432
45.485022	9.161034
45.478443	9.209678
45.446277	9.147588
45.47079	9.254968
45.468945	9.18103
45.481202	9.125085
45.468945	9.18103
45.480088	9.217544
45.479022	9.189996
45.476579	9.170714
45.460766	9.217752
45.463064	9.197946
45.484581	9.206439
45.468945	9.18103
45.446717	9.176854
45.449557	9.19882
45.47015	9.176685
45.462032	9.218137
45.462963	9.210539
45.459189	9.182166
45.473924	9.209418
45.4725	9.236451
45.440959	9.181444
45.468723	9.210406
45.467191	9.152622
45.480808	9.231505
45.482177	9.187146
45.45075	9.193397
45.531809	9.161414
45.486525	9.167409
45.486899	9.16037
45.477422	9.212077
45.475393	9.188653
45.489574	9.188881
45.456029	9.181862
45.449217	9.19703
45.451163	9.160877
45.450851	9.200924
45.477226	9.169877
45.457392	9.181421
45.473612	9.233574
45.468945	9.18103
45.476601	9.2051
45.46403	9.174783
45.469535	9.18788
45.445854	9.176886
45.478751	9.185675
45.457864	9.170463
45.455766	9.168904
45.446717	9.176854
45.4413	9.202543
45.452147	9.204013
45.471732	9.185228
45.475996	9.184105
45.458854	9.1806
45.452132	9.175366
45.468945	9.18103
45.481511	9.167645
45.478196	9.200085
45.458568	9.178442
45.464978	9.191179
45.450803	9.19233
45.468211	9.198506
45.468945	9.18103
45.454723	9.198753
45.468945	9.18103
45.477727	9.18375
45.463351	9.217011
45.511679	9.214502
45.477115	9.206201
45.476579	9.170714
45.488671	9.187207
45.455418	9.166741
45.451449	9.174097
45.476843	9.184066
45.45116	9.205938
45.433544	9.194155
45.458708	9.181815
45.471862	9.214302
45.522958	9.159566
45.488821	9.2176
45.466535	9.151602
45.48362	9.17278
45.431891	9.177413
45.465823	9.166679
45.464538	9.193681
45.475745	9.183596
45.488728	9.194654
45.448217	9.177464
45.489327	9.182961
45.43629	9.175107
45.470731	9.193237
45.464029	9.18679
45.487967	9.188046
45.469465	9.229781
45.476561	9.188323
45.466764	9.152335
45.447557	9.177122
45.466673	9.152042
45.469798	9.185289
45.458449	9.174765
45.478691	9.216782
45.4498	9.167412
45.461652	9.234986
45.472746	9.187571
45.444622	9.177099
45.450791	9.199671
45.468569	9.155099
45.457737	9.181519
45.447413	9.15546
45.478047	9.161487
45.449253	9.172878
45.459201	9.177347
45.481838	9.172632
45.462672	9.087472
45.456934	9.183117
45.481491	9.176021
45.462397	9.125303
45.467387	9.152885
45.476423	9.171099
45.451884	9.251848
45.488159	9.193459
45.477779	9.184866
45.485769	9.19329
45.447186	9.154375
45.450621	9.199099
45.45075	9.193713
45.478117	9.207742
45.468945	9.18103
45.468964	9.184905
45.451239	9.171201
45.456963	9.184237
45.468945	9.18103
45.475657	9.188696
45.447568	9.177677
45.482161	9.242366
45.481721	9.095753
45.432129	9.177431
45.451781	9.178616
45.477153	9.184213
45.468945	9.18103
45.478634	9.188208
45.457704	9.180764
45.45979	9.171483
45.442146	9.176106
45.481825	9.188237
45.476966	9.185089
45.472062	9.173507
45.447557	9.177122
45.457742	9.180223
45.487025	9.159113
45.476447	9.206112
45.468945	9.18103
45.437123	9.200084
45.461795	9.221339
45.479829	9.220987
45.451046	9.189188
45.474291	9.214916
45.474748	9.147899
45.471605	9.184222
45.481214	9.235544
45.473028	9.16865
45.455495	9.204162
45.443794	9.176334
45.443377	9.13665
45.476652	9.217591
45.46563	9.182061
45.436955	9.200541
45.480603	9.213293
45.467538	9.153891
45.475105	9.208567
45.481986	9.187094
45.478368	9.188114
45.458177	9.165002
45.472381	9.187458
45.44433	9.215879
45.455173	9.199725
45.481113	9.214441
45.476871	9.195315
45.459514	9.20663
45.465025	9.191951
45.446027	9.192695
45.44203	9.179041
45.467628	9.174252
45.480921	9.19975
45.468079	9.162538
45.451239	9.171201
45.452485	9.176244
45.478996	9.214563
45.462796	9.157663
45.45037	9.169297
45.475174	9.214523
45.456257	9.187315
45.481605	9.18699
45.452965	9.172286
45.461425	9.189156
45.474182	9.208762
45.452644	9.160008
45.467313	9.207318
45.453231	9.180707
45.462332	9.194137
45.467777	9.222548
45.451634	9.172909
45.48024	9.201679
45.44663	9.213016
45.475934	9.218758
45.44143	9.19927
45.465778	9.166559
45.476192	9.14405
45.452174	9.175556
45.466702	9.232203
45.468945	9.18103
45.461954	9.191266
45.466385	9.136119
45.487187	9.23619
45.451075	9.170274
45.466586	9.189835
45.46755	9.155047
45.459482	9.207294
45.471586	9.185924
45.485209	9.229553
45.448915	9.208118
45.466191	9.211461
45.448134	9.206961
45.47075	9.228431
45.485853	9.23122
45.452502	9.248151
45.472111	9.185733
45.485059	9.167137
45.442682	9.155119
45.451781	9.178616
45.477525	9.170512
45.462017	9.219548
45.45037	9.169297
45.452318	9.182407
45.468945	9.18103
45.452233	9.20248
45.488891	9.214834
45.443757	9.215923
45.469357	9.153671
45.466871	9.222666
45.456579	9.181011
45.462071	9.18544
45.462071	9.18544
45.479638	9.174697
45.472381	9.187458
45.450753	9.168617
45.444236	9.176713
45.461669	9.213607
45.486269	9.22123
45.478171	9.176094
45.479716	9.189006
45.457274	9.175177
45.457128	9.17657
45.450705	9.205217
45.475024	9.223173
45.486485	9.159993
45.463554	9.181108
45.48656	9.164834
45.481768	9.170683
45.474589	9.182655
45.489136	9.18781
45.444852	9.177273
45.465025	9.191951
45.463341	9.199342
45.452243	9.183303
45.472485	9.187808
45.481216	9.22686
45.468945	9.18103
45.445098	9.213407
45.478751	9.185675
45.476133	9.204649
45.454402	9.198846
45.468945	9.18103
45.443388	9.177188
45.450875	9.171378
45.472842	9.212832
45.481865	9.229685
45.454004	9.171071
45.464895	9.163223
45.459926	9.181032
45.468945	9.18103
45.462186	9.154759
45.451871	9.20787
45.462867	9.189356
45.485031	9.231562
45.487873	9.202806
45.451163	9.160877
45.457392	9.181421
45.46718	9.174334
45.480007	9.167637
45.451672	9.175502
45.465867	9.176526
45.431238	9.19984
45.481934	9.183563
45.453616	9.203577
45.463925	9.164378
45.479855	9.171945
45.489436	9.188866
45.451029	9.170047
45.461739	9.18906
45.478069	9.184454
45.452819	9.180431
45.451209	9.17327
45.450626	9.19378
45.454509	9.173297
45.443945	9.17514
45.452953	9.17566
45.448914	9.21846
45.448831	9.199391
45.469622	9.199757
45.463994	9.19475
45.469517	9.21454
45.460064	9.166051
45.468945	9.18103
45.450281	9.146811
45.453756	9.157777
45.467902	9.15516
45.455868	9.204974
45.464012	9.160636
45.450204	9.212034
45.475497	9.21452
45.444407	9.176585
45.444743	9.142703
45.483089	9.230008
45.477902	9.187917
45.484747	9.157073
45.464641	9.209758
45.443669	9.214432
45.481897	9.165122
45.474954	9.194023
45.468141	9.174285
45.444273	9.216313
45.455778	9.174413
45.470868	9.24362
45.460312	9.189187
45.450015	9.202761
45.456755	9.194963
45.449396	9.195237
45.46902	9.185501
45.464289	9.163621
45.488727	9.188781
45.485226	9.162049
45.470198	9.246053
45.456203	9.181541
45.478253	9.145219
45.468945	9.18103
45.483663	9.181869
45.44074	9.175959
45.468945	9.18103
45.447101	9.178166
45.467269	9.15541
45.467208	9.21041
45.455307	9.168288
45.477868	9.175553
45.45044	9.177988
45.448887	9.200226
45.459993	9.190265
45.454369	9.172991
45.471419	9.194412
45.468945	9.18103
45.467122	9.143198
45.452063	9.177606
45.448387	9.168705
45.46639	9.19823
45.48549	9.191276
45.47899	9.181929
45.477547	9.179844
45.451757	9.202765
45.475996	9.184105
45.461776	9.197166
45.436223	9.235169
45.453664	9.158419
45.485022	9.161034
45.467551	9.152122
45.467733	9.152404
45.430893	9.172631
45.453083	9.166555
45.456025	9.181882
45.44143	9.19927
45.481567	9.222374
45.475109	9.213957
45.465579	9.179559
45.474668	9.207077
45.470269	9.182973
45.447594	9.178286
45.459395	9.177702
45.45985	9.181406
45.478215	9.199398
45.47789	9.178962
45.465175	9.196945
45.444465	9.207624
45.456626	9.048364
45.444349	9.141065
45.453099	9.215132
45.468945	9.18103
45.482512	9.187871
45.449647	9.20187
45.457742	9.180223
45.47065	9.26657
45.482763	9.166632
45.484311	9.241956
45.450665	9.170709
45.481173	9.187263
45.450952	9.172059
45.478995	9.160438
45.45113	9.193713
45.486754	9.186709
45.479984	9.170556
45.451318	9.177677
45.49865	9.12236
45.466048	9.180801
45.471788	9.159613
45.456029	9.181862
45.456949	9.154482
45.468945	9.18103
45.451239	9.171201
45.468751	9.15265
45.477688	9.188228
45.48573	9.160107
45.461293	9.191418
45.490605	9.166228
45.488036	9.209874
45.480896	9.185348
45.463211	9.200542
45.487547	9.200901
45.478247	9.175521
45.488631	9.225337
45.461103	9.191945
45.468945	9.18103
45.466271	9.207498
45.462484	9.209055
45.465851	9.199266
45.451909	9.170655
45.462976	9.153861
45.45185	9.204581
45.456427	9.174117
45.453045	9.196452
45.469709	9.185341
45.489229	9.183238
45.453114	9.179885
45.488058	9.228014
45.466586	9.189835
45.455119	9.167723
45.461201	9.162818
45.46705	9.159804
45.456461	9.170594
45.478972	9.19904
45.473517	9.209627
45.446873	9.177032
45.468945	9.18103
45.446404	9.179543
45.472782	9.143057
45.453102	9.180105
45.466792	9.186199
45.479643	9.194558
45.489493	9.167626
45.461107	9.090674
45.448343	9.197995
45.472259	9.186427
45.47922	9.236273
45.480653	9.187182
45.474596	9.210924
45.466912	9.151866
45.489984	9.165118
45.472705	9.187429
45.488054	9.158858
45.465844	9.179643
45.45089	9.169366
45.470932	9.184482
45.481605	9.204063
45.452828	9.182036
45.4522	9.178661
45.468945	9.18103
45.450346	9.152628
45.451326	9.171481
45.46578	9.209081
45.447166	9.208577
45.464098	9.181127
45.454568	9.169609
45.46915	9.154465
45.484731	9.164614
45.468745	9.210021
45.481843	9.173128
45.471376	9.184796
45.481056	9.18594
45.455766	9.168904
45.480616	9.143481
45.462532	9.214511
45.476366	9.172055
45.474381	9.183299
45.46967	9.224035
45.459475	9.170835
45.472475	9.152792
45.471735	9.185002
45.44958	9.165677
45.482611	9.212471
45.447586	9.165309
45.456325	9.17015
45.479126	9.19625
45.468945	9.18103
45.480321	9.167221
45.458542	9.178601
45.459211	9.176728
45.456394	9.25472
45.448346	9.164913
45.451917	9.176639
45.448752	9.177808
45.455093	9.202613
45.483926	9.240472
45.478986	9.188346
45.457478	9.172833
45.471837	9.185392
45.452678	9.175704
45.48043	9.161018
45.473216	9.195502
45.472062	9.173507
45.467593	9.154069
45.469269	9.187636
45.456115	9.170407
45.442385	9.134047
45.476561	9.188323
45.474189	9.183279
45.475412	9.208986
45.486402	9.164045
45.483757	9.163854
45.474453	9.212261
45.458384	9.207648
45.450741	9.178056
45.460313	9.156599
45.466759	9.154149
45.449234	9.177696
45.449391	9.182908
45.477416	9.225376
45.450136	9.177927
45.462368	9.211073
45.485498	9.155029
45.450527	9.139353
45.481943	9.196904
45.441522	9.175947
45.474775	9.159409
45.445977	9.176674
45.452841	9.180049
45.49035	9.213655
45.451735	9.175787
45.462233	9.187492
45.452127	9.181411
45.48929	9.186595
45.476781	9.190326
45.481163	9.199237
45.442354	9.176159
45.465906	9.174479
45.479759	9.194311
45.468945	9.18103
45.452855	9.182664
45.455497	9.164069
45.474964	9.212845
45.446287	9.172673
45.464334	9.194478
45.452761	9.174604
45.450671	9.211955
45.486377	9.15784
45.445269	9.180593
45.466999	9.166463
45.472359	9.187033
45.477819	9.211237
45.483255	9.209736
45.448032	9.209542
45.452857	9.173354
45.47212	9.18369
45.476709	9.224546
45.44381	9.160186
45.482429	9.164474
45.437312	9.198164
45.470309	9.196915
45.45744	9.181056
45.455427	9.202052
45.468945	9.18103
45.455211	9.167021
45.467444	9.142555
45.480472	9.218136
45.483113	9.164036
45.459791	9.206685
45.483307	9.217318
45.470843	9.192292
45.465578	9.171224
45.483655	9.242621
45.45879	9.180218
45.467463	9.207573
45.47127	9.252669
45.446497	9.17694
45.448459	9.20512
45.488616	9.190271
45.451185	9.210943
45.484752	9.155709
45.458991	9.178328
45.446384	9.164093
45.463255	9.159571
45.48767	9.202011
45.459866	9.189078
45.46235	9.192767
45.468004	9.163807
45.458568	9.178442
45.468945	9.18103
45.461405	9.190591
45.468519	9.225966
45.486967	9.188883
45.479377	9.185737
45.450836	9.17744
45.449266	9.208962
45.471418	9.182463
45.487235	9.210105
45.484971	9.162433
45.455616	9.174895
45.468945	9.18103
45.475607	9.18973
45.474797	9.183718
45.468945	9.18103
45.450821	9.196994
45.452487	9.181211
45.448755	9.21696
45.487224	9.21706
45.458425	9.131301
45.453752	9.158854
45.468652	9.152504
45.448704	9.202978
45.467089	9.164865
45.433314	9.14984
45.487772	9.189363
45.468945	9.18103
45.489711	9.188896
45.457675	9.206941
45.461954	9.228092
45.459742	9.181003
45.481628	9.217313
45.474241	9.182631
45.450945	9.171607
45.454387	9.159739
45.438157	9.207765
45.474427	9.208975
45.47372	9.183462
45.480409	9.185934
45.457885	9.206086
45.433831	9.174092
45.477065	9.201896
45.448826	9.197592
45.47229	9.158073
45.489372	9.16431
45.458698	9.179972
45.46777	9.1319
45.466351	9.151027
45.460953	9.217752
45.455537	9.180452
45.462071	9.18544
45.48016	9.165295
45.458698	9.179972
45.483217	9.137973
45.466448	9.210559
45.472541	9.183643
45.484079	9.219018
45.451829	9.176215
45.444506	9.141788
45.449828	9.177854
45.482777	9.181361
45.449525	9.198017
45.477542	9.207918
45.454025	9.173876
45.451908	9.180895
45.478404	9.184977
45.463911	9.187043
45.46903	9.185395
45.439979	9.208309
45.468945	9.18103
45.467979	9.133252
45.479619	9.182173
45.478858	9.184253
45.470819	9.154377
45.449234	9.177696
45.438314	9.22452
45.485838	9.170408
45.473516	9.188103
45.452382	9.176502
45.47079	9.254968
45.456005	9.204367
45.455868	9.204974
45.457151	9.164154
45.477535	9.17216
45.476743	9.162038
45.45287	9.166804
45.451239	9.171201
45.458275	9.222454
45.461181	9.211195
45.481406	9.18854
45.453377	9.208981
45.482018	9.212812
45.482293	9.184689
45.473083	9.234048
45.467894	9.146094
45.483662	9.167393
45.487595	9.126353
45.476892	9.202258
45.45577	9.199554
45.475851	9.171353
45.452902	9.160499
45.481241	9.18634
45.447347	9.154741
45.471144	9.243873
45.469357	9.153671
45.453895	9.208731
45.444299	9.1722
45.47788	9.198644
45.480666	9.191209
45.46573	9.208811
45.451028	9.196954
45.487729	9.170415
45.45137	9.171685
45.451829	9.176215
45.480472	9.218693
45.473238	9.080407
45.484861	9.164812
45.446873	9.180604
45.467541	9.157323
45.459094	9.209453
45.476971	9.185543
45.472503	9.210918
45.480102	9.219455
45.46915	9.154465
45.461111	9.209741
45.483992	9.157839
45.461208	9.189365
45.457964	9.155743
45.445944	9.154963
45.456754	9.167845
45.4535	9.195974
45.475801	9.203474
45.471424	9.18506
45.48642	9.186606
45.452693	9.175524
45.473381	9.18716
45.457944	9.172521
45.454236	9.195649
45.474337	9.222247
45.456325	9.17015
45.466428	9.189004
45.467768	9.149178
45.465043	9.17532
45.460937	9.152746
45.451075	9.170274
45.451536	9.170556
45.450567	9.168248
45.468917	9.215778
45.466374	9.17613
45.458863	9.180912
45.468132	9.177971
45.466489	9.181333
45.47528	9.184492
45.462283	9.222479
45.473993	9.211918
45.444601	9.181101
45.457021	9.193239
45.451767	9.175929
45.51105	9.245734
45.447839	9.206694
45.481817	9.184043
45.467441	9.207302
45.474785	9.18849
45.482472	9.143663
45.450134	9.155553
45.451112	9.203301
45.45014	9.175682
45.448325	9.205452
45.466999	9.144376
45.484508	9.242501
45.44756	9.177877
45.449428	9.194521
45.477661	9.215136
45.476233	9.188319
45.475435	9.181825
45.457704	9.180764
45.463065	9.21155
45.455667	9.158106
45.465825	9.178901
45.480681	9.188902
45.481992	9.183323
45.483371	9.196267
45.479697	9.172267
45.448134	9.16253
45.464848	9.207636
45.477612	9.172993
45.481097	9.17016
45.45205	9.182362
45.481276	9.179338
45.472705	9.187429
45.469026	9.198395
45.436558	9.175135
45.468654	9.172432
45.487286	9.170982
45.474528	9.210218
45.46524	9.135952
45.450878	9.204924
45.467063	9.154951
45.474241	9.182631
45.455555	9.171237
45.477902	9.187917
45.482169	9.240082
45.448848	9.180865
45.478751	9.185675
45.448903	9.201581
45.468318	9.222538
45.528516	9.216192
45.450921	9.171495
45.486476	9.221229
45.448217	9.177464
45.467374	9.153356
45.467706	9.256074
45.4554	9.204702
45.488755	9.168418
45.48755	9.233274
45.462963	9.210539
45.451161	9.171019
45.481132	9.171093
45.486568	9.189349
45.451871	9.204141
45.474011	9.21492
45.467403	9.214918
45.488014	9.217365
45.467976	9.173344
45.476964	9.207141
45.454039	9.215945
45.482117	9.216582
45.467733	9.151884
45.471872	9.186179
45.462563	9.190511
45.480163	9.186346
45.467937	9.134446
45.470012	9.192656
45.471752	9.206268
45.478816	9.162927
45.47783	9.18899
45.482686	9.185028
45.463354	9.208645
45.453102	9.180105
45.481276	9.179338
45.446277	9.147588
45.472852	9.21132
45.489121	9.209658
45.451907	9.178548
45.453299	9.167165
45.469749	9.193453
45.456054	9.16491
45.458269	9.212746
45.479698	9.207963
45.475628	9.204311
45.480824	9.146095
45.458372	9.131114
45.476263	9.204374
45.488937	9.183825
45.447353	9.155611
45.481838	9.169089
45.469104	9.171895
45.473932	9.186695
45.468945	9.18103
45.456353	9.183399
45.469362	9.17151
45.47244	9.16803
45.456993	9.157808
45.466953	9.159123
45.477805	9.202274
45.486238	9.232122
45.45159	9.172705
45.465529	9.207706
45.440851	9.180373
45.438157	9.184674
45.477742	9.171572
45.488223	9.188183
45.452734	9.174972
45.463226	9.140035
45.486609	9.156038
45.453642	9.203591
45.460098	9.180529
45.464539	9.175995
45.46107	9.19451
45.476375	9.205575
45.46748	9.21217
45.481587	9.219734
45.467808	9.180867
45.469875	9.214926
45.478055	9.215213
45.457591	9.212558
45.468945	9.18103
45.43441	9.219465
45.480321	9.171664
45.443981	9.208798
45.485624	9.157887
45.450288	9.177957
45.458568	9.178442
45.473738	9.187075
45.449053	9.176673
45.468945	9.18103
45.455418	9.166741
45.45283	9.160278
45.468945	9.18103
45.451615	9.170944
45.488949	9.199954
45.469357	9.153671
45.461976	9.225293
45.484971	9.162433
45.454528	9.158354
45.454294	9.213512
45.444552	9.187869
45.48682	9.18606
45.487924	9.162769
45.483225	9.197341
45.488575	9.196801
45.466936	9.165386
45.453817	9.168475
45.466698	9.147293
45.461652	9.234986
45.470862	9.243421
45.48146	9.185482
45.450833	9.202312
45.465732	9.210418
45.471995	9.141864
45.469239	9.222217
45.465167	9.193275
45.4767	9.149854
45.481524	9.227724
45.456018	9.226348
45.468945	9.18103
45.476656	9.189516
45.47079	9.254968
45.484356	9.234572
45.474937	9.207679
45.470349	9.184407
45.479423	9.221378
45.476367	9.216639
45.462294	9.173525
45.461616	9.195715
45.468945	9.18103
45.477608	9.174361
45.479095	9.173646
45.455213	9.202234
45.487013	9.217481
45.459382	9.207814
45.468945	9.18103
45.471652	9.214454
45.44449	9.16585
45.486617	9.159199
45.468945	9.18103
45.471817	9.223221
45.465371	9.208359
45.47887	9.188699
45.465604	9.184837
45.45157	9.16707
45.452508	9.173522
45.470494	9.153189
45.447855	9.204625
45.481611	9.218021
45.478342	9.188492
45.458927	9.172812
45.482862	9.166392
45.482627	9.188023
45.447553	9.204842
45.450803	9.19233
45.455211	9.167021
45.467199	9.186036
45.472595	9.18849
45.480012	9.183079
45.468945	9.18103
45.465816	9.191489
45.448294	9.162426
45.456398	9.184496
45.464718	9.158983
45.481031	9.164475
45.455715	9.177856
45.467915	9.152168
45.488595	9.226964
45.456503	9.217624
45.462396	9.17304
45.457737	9.181519
45.468945	9.18103
45.475262	9.190333
45.477943	9.184994
45.471268	9.214454
45.473317	9.215832
45.48196	9.167902
45.483206	9.184921
45.467434	9.18451
45.469607	9.184763
45.445564	9.146418
45.451829	9.176215
45.448648	9.194694
45.469388	9.214243
45.469469	9.208796
45.479983	9.204279
45.451468	9.174244
45.455307	9.168288
45.477321	9.216764
45.445806	9.177474
45.468727	9.222602
45.453232	9.180186
45.483255	9.209736
45.488969	9.210899
45.483255	9.209736
45.481716	9.163568
45.458048	9.178084
45.443897	9.214186
45.465605	9.190725
45.457084	9.169137
45.472159	9.167862
45.468945	9.18103
45.468949	9.15295
45.44987	9.199631
45.468945	9.18103
45.459582	9.15461
45.467592	9.17299
45.480661	9.189806
45.465662	9.151322
45.487503	9.183653
45.453677	9.180183
45.481943	9.196904
45.457735	9.20472
45.461677	9.194745
45.457907	9.160724
45.479723	9.197653
45.48499	9.151461
45.468945	9.18103
45.445817	9.127997
45.475356	9.183908
45.456729	9.202477
45.477712	9.185375
45.462639	9.208666
45.475621	9.183978
45.472747	9.183994
45.46526	9.143504
45.440644	9.155284
45.473463	9.182066
45.478215	9.199398
45.468945	9.18103
45.471061	9.228573
45.439048	9.199873
45.479619	9.182173
45.466452	9.210967
45.461948	9.229487
45.46563	9.190719
45.488497	9.162833
45.464855	9.155289
45.483962	9.203436
45.481943	9.196904
45.455778	9.174413
45.479723	9.197653
45.447164	9.154804
45.458854	9.1806
45.480421	9.220521
45.448433	9.197693
45.478399	9.18815
45.454219	9.166876
45.468256	9.150446
45.477125	9.216825
45.484128	9.163822
45.449914	9.211798
45.46548	9.18884
45.440289	9.224695
45.468362	9.152062
45.480418	9.159612
45.464656	9.176236
45.484603	9.164421
45.471987	9.143597
45.480773	9.174584
45.479543	9.173444
45.483819	9.170918
45.484333	9.22679
45.481528	9.242433
45.469252	9.172842
45.462869	9.199114
45.452734	9.174972
45.478044	9.146798
45.479378	9.187859
45.463925	9.182179
45.462524	9.154777
45.453232	9.180186
45.451318	9.177677
45.465506	9.164851
45.484128	9.163822
45.470867	9.184784
45.478066	9.180016
45.478981	9.216905
45.468945	9.18103
45.479452	9.187491
45.458829	9.163496
45.462848	9.2068
45.444135	9.152482
45.454886	9.176384
45.476381	9.2041
45.452425	9.203953
45.477535	9.17216
45.4711	9.230168
45.459263	9.211166
45.469972	9.234232
45.455599	9.203669
45.454971	9.217482
45.451536	9.170556
45.455252	9.123128
45.490195	9.220117
45.468945	9.18103
45.476601	9.202883
45.476278	9.150866
45.460174	9.207151
45.46643	9.192952
45.450849	9.181901
45.459089	9.186928
45.480666	9.191209
45.459245	9.178208
45.481364	9.187316
45.483404	9.197571
45.442219	9.13358
45.457469	9.192897
45.463726	9.166942
45.469711	9.154661
45.468945	9.18103
45.474627	9.219561
45.46949	9.234747
45.466404	9.159806
45.465794	9.169446
45.468945	9.18103
45.43723	9.153914
45.468945	9.18103
45.447101	9.178166
45.464433	9.179425
45.4689	9.224372
45.450785	9.200031
45.482016	9.20083
45.459926	9.181032
45.483345	9.197995
45.462384	9.217655
45.452318	9.182407
45.450134	9.155553
45.452127	9.181411
45.459742	9.188902
45.467649	9.192562
45.455163	9.172771
45.457919	9.150297
45.48288	9.16975
